1899 5,620,099 386,085 5,234,014 1,926 3.43 3.68
1900 5,737,372 399,678 5,337,694 2,064 3.60 3.87
1901 5,799,785 407,001 5,392,784 1,464 2.52 2.71
1902 5,862,198 414,321 5,447,877 1,327 2.26 2.44
1903 5,924,611 421,641 5,502,970 977 1.65 1.78
1904 5,987,024 428,961 5,558,063 884 1.48 1.59
1905 6,049,437 436,281 5,613,156 832 1.38 1.48
1906 6,111,850 443,601 5,668,249 844 1.38 1.49
1907 6,174,263 450,921 5,723,342 1,065 1.72 1.86
1908 6,236,676 458,241 5,778,435 835 1.34 1.45
1909 6,299,089 465,561 5,833,528 797 1.27 1.37
1910 6,361,502 472,881 5,888,621 849 1.33 1.44
1911 6,370,187 482,299 5,887,884 679 1.07 1.15
1912 6,378,871 491,720 5,887,147 837 1.31 1.42
1913 6,387,555 501,141 5,886,410 942 1.47 1.60
1914 6,396,239 510,562 5,885,673 1,045 1.63 1.78
1915 6,404,923 519,983 5,884,936 1,246 1.95 2.12
1916 6,413,607 529,404 5,884,199 1,658 2.59 2.82
1917 6,422,291 538,825 5,883,462 1,906 2.97 3.24
1918 6,430,975 548,246 5,882,725 1,632 2.54 2.77
1919 6,439,659 557,667 5,881,988 1,207 1.87 2.05
1920 6,448,343 567,088 5,881,255 997 1.55 1.70
1921 6,433,002 579,613 5,853,389 1,363 2.12 2.33
1922 6,417,661 592,139 5,825,523 3,236 5.04 5.55
1923 6,402,320 604,665 5,797,657 5,940 9.28 10.25
1924 6,386,979 617,191 5,769,791 7,772 12.17 13.47
1925 6,371,640 629,717 5,741,923 7,872 12.35 13.71
1926 6,355,042 660,467 5,694,576 7,769 12.22 13.64
1927 6,338,444 691,215 5,647,229 6,296 9.93 11.15
1928 6,321,846 721,963 5,599,882 5,679 8.98 10.14
1929 6,305,248 752,711 5,552,535 4,939 7.83 8.90
1930 6,288,648 783,459 5,505,189 4,644 7.38 8.44
1931 6,393,390 771,231 5,622,157 4,023 6.29 7.16
1932 6,498,130 759,003 5,739,125 4,849 7.46 8.45
1933 6,602,870 746,775 5,856,093 5,917 8.96 10.10
1934 6,707,610 734,547 5,973,061 4,716 7.03 7.90
1935 6,812,350 722,321 6,090,029 4,311 6.33 7.08
1936 6,669,240 686,989 5,982,251 3,646 5.47 6.09
1937 6,526,130 651,657 5,874,473 2,482 3.80 4.23
1938 6,383,020 616,325 5,766,695 1,800 2.82 3.12
1939 6,239,910 580,993 5,658,917 1,426 2.29 2.52
1940 6,096,799 545,660 5,551,139 2,678 4.39 4.82
1941 6,049,273 526,953 5,522,302 2,367 3.91 4.29
1942 6,001,747 508,246 5,493,501 2,048 3.41 3.73
1943 5,954,221 489,539 5,464,682 1,151 1.93 2.11
1944 5,906,695 470,832 5,435,863   512 0.87 0.94
1945 5,859,169 452,125 5,407,044   305 0.52 0.56
1946 5,763,768 432,098 5,331,669   260 0.45 0.49
1947 5,668,367 412,071 5,256,294   183 0.32 0.35
1948 5,572,966 392,044 5,180,919   167 0.30 0.32
1949 5,477,565 372,017 5,105,544   232 0.42 0.45
1950 5,382,162 351,991 5,030,171   290 0.54 0.58
1951 5,232,225 333,000 4,899,225   205 0.39 0.42
1952 5,082,288 314,009 4,768,279   196 0.39 0.41
1953 4,932,351 295,018 4,637,333   214 0.43 0.46
1954 4,782,416 276,029 4,506,387   322 0.67 0.71
1955 4,568,033 245,537 4,322,496   386 0.85 0.89
1956 4,353,650 215,045 4,138,605   400 0.92 0.97
1957 4,139,267 184,553 3,954,714   405 0.98 1.02
1958 3,924,884 154,061 3,770,823   332 0.85 0.88
1959 3,710,503 123,570 3,586,933   408 1.10 1.14
1960 3,599,974 98,856  3,501,118   453 1.26 1.29
1961 3,489,445 74,142  3,415,303   546 1.57 1.60
1962 3,378,916 49,428  3,329,488   548 1.62 1.65
1963 3,268,387 24,714  3,243,673   554 1.70 1.71
1964 3,157,857 NA      3,157,857   565 1.79 1.79
1965 3,072,336 NA      3,072,336   589 1.92 1.92
1966 2,986,815 NA      2,986,815   551 1.84 1.84
1967 2,901,294 NA      2,901,294   443 1.53 1.53
1968 2,815,773 NA      2,815,773   567 2.01 2.01
1969 2,730,250 NA      2,730,230   606 2.22 2.22
1970 2,647,003 NA      2,647,003   658 2.49 2.49
1971 2,563,756 NA      2,563,756   788 3.07 3.07
1972 2,480,509 NA      2,480,509   631 2.54 2.54
1973 2,397,262 NA      2,397,262   431 1.80 1.80
1974 2,314,013 NA      2,314,013   308 1.33 1.33
1975 2,299,953 NA      2,299,953   550 2.39 2.39
1976 2,285,893 NA      2,285,893   672 2.94 2.94
1977 2,271,833 NA      2,271,833   736 3.24 3.24
1978 2,257,775 NA      2,257,775   751 3.33 3.33
1979 2,253,575 NA      2,253,575   592 2.63 2.63
1980 2,249,375 NA      2,249,375   NA7 NA7 NA7
1981 2,245,175 NA      2,245,175   NA7 NA7 NA7
1982 2,240,976 NA      2,240,976   NA7 NA7 NA7
1983 2,210,333 NA      2,210,333   NA7 NA7 NA7
1984 2,179,690 NA      2,179,690   NA7 NA7 NA7
1985 2,149,047 NA      2,149,047   NA7 NA7 NA7
1986 2,118,404 NA      2,118,404   NA7 NA7 NA7
1987 2,087,759 NA      2,087,759 4,812 23.05 23.05
1988 2,005,267 NA      2,055,267 3,033 14.76 14.76
1989 2,022,775 NA      2,022,775 1,711 8.46 8.46
1990 1,990,283 NA      1,990,283 1,340 6.73 6.73
1991 1,957,791 NA      1,957,791 1,349 6.89 6.89
1992 1,925,300 NA      1,925,300 1,615 8.39 8.39
1993 2,201,590 NA      2,201,590 1,427 6.48 8.39
1994 2,197,690 NA      2,197,690   964 4.39 4.39
1995 2,196,400 NA      2,196,400   902 4.11 4.11
1996 2,190,500 NA      2,190,500 1,059 4.84 4.48
1997 2,190,510 NA      2,190,510 1,004 4.58 4.58
1998 2,191,360 NA      2,191,360   844 3.85 3.85
1999 2,192,070 NA      2,192,070   829 3.78 3.78
2000 2,172,280 NA      2,172,280   731 3.37 3.37
2001 2,155,680 NA      2,155,680   206 0.96 0.96
2002 2,158,090 NA      2,158,090   365 1.69 1.69
