1986   9  50  103  148  92  47  44  41  42  24  600
1987  99 465 1292 1553 470 335 547 394 546 363 6064
1988  39 175  447  358 102 105 170 185 256 188 2025
1989  24 147  290  218  68  83 115 170 155 163 1433
1990  49 130  226  224  79 118 128 141 135 106 1336
1991  85 145  213  190  86 139 169 173 152 127 1479
1992  69 160  259  235 116 121 154 180 178 124 1596
1993  78 140  210  172  73  84 131 116 114 117 1235
1994  66 105  123  124  62  66  77 102  78  88  891
1995  78 103  122  134  64  84  57 108  81  93  924
1996  84  97  114  195  65  84 112 173  74  83 1081
1997  87  80   91  152  46  83  91 145 109  62  946
1998  58  78   94  146  58  77  64  98  89  45  807
1999  52  61  145  168  60  67  52 100  82  46  833
2000 36   33   79   48  19  22  28  43  57  40  405
2001 20   24   50   58  19  43  18  57  23  70  382
2002 27   37   74   60  22  23  51  78  50  60  482
